1000, 0.000074, 0.000073, 0.000073, 0.000067, 0.000066, 0.000065, 0.000070, 0.000067, 0.000068, 0.000101, 0.000069, 0.000071, 0.000122, 0.000072, 0.000071, 0.000068, 0.000068, 0.000067, 0.000070, 0.000076, 0.000067, 0.000078, 0.000072, 0.000073, 0.000066, 0.000074, 0.000073, 0.000067, 0.000073, 0.000073, 0.000075, 0.000073, 0.000077, 0.000073, 0.000072, 0.000068, 0.000083, 0.000075, 0.000065, 0.000072, 0.000174, 0.000070, 0.000074, 0.000067, 0.000074, 0.000138, 0.000108, 0.000074, 0.000070, 0.000072

1020, 0.000074, 0.000076, 0.000069, 0.000072, 0.000073, 0.000078, 0.000085, 0.000145, 0.001118, 0.000074, 0.000094, 0.000071, 0.000073, 0.000070, 0.000075, 0.000089, 0.000073, 0.000083, 0.000071, 0.000078, 0.000077, 0.000077, 0.000078, 0.000074, 0.000075, 0.000079, 0.000076, 0.000074, 0.000067, 0.000070, 0.000164, 0.000150, 0.000078, 0.000074, 0.000079, 0.000074, 0.000077, 0.000075, 0.000169, 0.000078, 0.000075, 0.000075, 0.000076, 0.000075, 0.000077, 0.000078, 0.000075, 0.000073, 0.000072, 0.000073

1040, 0.000072, 0.000074, 0.000074, 0.000077, 0.000076, 0.000073, 0.000072, 0.000067, 0.000077, 0.000071, 0.000069, 0.000075, 0.000074, 0.000076, 0.000074, 0.000011, 0.000216, 0.000465, 0.000075, 0.000072, 0.000072, 0.000077, 0.000079, 0.000073, 0.000079, 0.000156, 0.000072, 0.000075, 0.000073, 0.000073, 0.000074, 0.000069, 0.000073, 0.000072, 0.000073, 0.000072, 0.000069, 0.000071, 0.000075, 0.000083, 0.000074, 0.000081, 0.000069, 0.000074, 0.000069, 0.000142, 0.000074, 0.000078, 0.000068, 0.000077

1060, 0.000071, 0.000076, 0.000067, 0.000064, 0.000071, 0.000066, 0.000069, 0.000071, 0.000072, 0.000072, 0.000074, 0.000071, 0.000077, 0.000069, 0.000076, 0.000068, 0.000072, 0.000070, 0.000068, 0.000069, 0.000069, 0.000072, 0.000067, 0.000073, 0.000068, 0.000064, 0.000067, 0.000073, 0.000075, 0.000074, 0.000067, 0.000071, 0.000071, 0.000073, 0.000071, 0.000070, 0.000067, 0.000068, 0.000070, 0.000074, 0.000070, 0.000070, 0.000067, 0.000076, 0.000069, 0.000122, 0.000071, 0.000071, 0.000071, 0.000076

1080, 0.000078, 0.000078, 0.000073, 0.000075, 0.000077, 0.000074, 0.000074, 0.000077, 0.000079, 0.000080, 0.000076, 0.000075, 0.000077, 0.000074, 0.000075, 0.000075, 0.000078, 0.000076, 0.000071, 0.000077, 0.000079, 0.000080, 0.000079, 0.000399, 0.000071, 0.000077, 0.000072, 0.000066, 0.000072, 0.000077, 0.000075, 0.000071, 0.000078, 0.000078, 0.000074, 0.000078, 0.000072, 0.000069, 0.000076, 0.000076, 0.000075, 0.000074, 0.000076, 0.000077, 0.000075, 0.000082, 0.000078, 0.000073, 0.000077, 0.000088

1100, 0.000076, 0.000083, 0.000070, 0.000073, 0.000072, 0.000074, 0.000076, 0.000073, 0.000073, 0.000074, 0.000069, 0.000067, 0.000081, 0.000076, 0.000170, 0.000071, 0.000072, 0.000070, 0.000074, 0.000075, 0.000072, 0.000073, 0.000073, 0.000073, 0.000072, 0.000072, 0.000070, 0.000074, 0.000074, 0.000069, 0.000076, 0.000076, 0.000079, 0.000067, 0.000071, 0.000078, 0.000072, 0.000076, 0.000075, 0.000070, 0.000069, 0.000072, 0.000073, 0.000075, 0.000074, 0.000068, 0.000074, 0.000071, 0.000076, 0.000074

1120, 0.000077, 0.000075, 0.000073, 0.000129, 0.000070, 0.000075, 0.000067, 0.000075, 0.000075, 0.000128, 0.000071, 0.000077, 0.000080, 0.000077, 0.000076, 0.000071, 0.000068, 0.000078, 0.000074, 0.000077, 0.000074, 0.000077, 0.000069, 0.000073, 0.000075, 0.000074, 0.000073, 0.000077, 0.000075, 0.000113, 0.000076, 0.000080, 0.000079, 0.000077, 0.000071, 0.000080, 0.000075, 0.000075, 0.000073, 0.000071, 0.000076, 0.000077, 0.000078, 0.000078, 0.000076, 0.000072, 0.000072, 0.000079, 0.000074, 0.000072

1140, 0.000074, 0.000072, 0.000075, 0.000116, 0.000071, 0.000074, 0.000072, 0.000076, 0.000076, 0.000079, 0.000080, 0.000118, 0.000074, 0.000074, 0.000074, 0.000079, 0.000069, 0.000075, 0.000075, 0.000077, 0.000072, 0.000072, 0.000072, 0.000075, 0.000072, 0.000071, 0.000068, 0.000069, 0.000077, 0.000075, 0.000077, 0.000075, 0.000126, 0.000080, 0.000077, 0.000094, 0.000071, 0.000073, 0.000075, 0.000074, 0.000077, 0.000074, 0.000072, 0.000078, 0.000076, 0.000076, 0.000060, 0.000076, 0.000076, 0.000078

1160, 0.000074, 0.000073, 0.000072, 0.000127, 0.000073, 0.000021, 0.000074, 0.000070, 0.000071, 0.000072, 0.000074, 0.000079, 0.000074, 0.000074, 0.000072, 0.000072, 0.000071, 0.000076, 0.000075, 0.000075, 0.000070, 0.000078, 0.000075, 0.000070, 0.000068, 0.000071, 0.000075, 0.000068, 0.000076, 0.000073, 0.000070, 0.000067, 0.000073, 0.000071, 0.000075, 0.000073, 0.000075, 0.000077, 0.000071, 0.000078, 0.000073, 0.000079, 0.000079, 0.000071, 0.000075, 0.000082, 0.000070, 0.000067, 0.000074, 0.000073

1180, 0.000073, 0.000068, 0.000070, 0.000073, 0.000076, 0.000069, 0.000073, 0.000073, 0.000072, 0.000011, 0.000065, 0.000075, 0.000072, 0.000074, 0.000075, 0.000068, 0.000071, 0.000083, 0.000073, 0.000066, 0.000055, 0.000072, 0.000081, 0.000071, 0.000076, 0.000077, 0.000068, 0.000072, 0.000067, 0.000072, 0.000075, 0.000079, 0.000068, 0.000071, 0.000077, 0.000068, 0.000072, 0.000074, 0.000072, 0.000260, 0.000073, 0.000071, 0.000071, 0.000075, 0.000072, 0.000067, 0.000075, 0.000071, 0.000072, 0.000070

1200, 0.000080, 0.000076, 0.000074, 0.000078, 0.000073, 0.000071, 0.000076, 0.000079, 0.000079, 0.000074, 0.000077, 0.000076, 0.000081, 0.000077, 0.000077, 0.000075, 0.000077, 0.000075, 0.000072, 0.000077, 0.000078, 0.000130, 0.000088, 0.000081, 0.000076, 0.000079, 0.000076, 0.000079, 0.000077, 0.000075, 0.000081, 0.000072, 0.000075, 0.000077, 0.000079, 0.000078, 0.000077, 0.000080, 0.000078, 0.000076, 0.000079, 0.000079, 0.000081, 0.000077, 0.000081, 0.000077, 0.000079, 0.000077, 0.000076, 0.000077

1220, 0.000125, 0.000068, 0.000071, 0.000074, 0.000073, 0.000076, 0.000065, 0.000072, 0.000070, 0.000076, 0.000076, 0.000011, 0.000070, 0.000066, 0.000071, 0.000074, 0.000070, 0.000075, 0.000074, 0.000067, 0.000074, 0.000072, 0.000074, 0.000077, 0.000071, 0.000069, 0.000068, 0.005699, 0.000069, 0.000076, 0.000071, 0.000067, 0.000074, 0.000067, 0.000072, 0.000075, 0.000075, 0.000072, 0.000073, 0.000070, 0.000073, 0.000077, 0.000078, 0.000074, 0.000073, 0.000071, 0.000071, 0.000073, 0.000073, 0.000073

1240, 0.000072, 0.000073, 0.000076, 0.000070, 0.000073, 0.000072, 0.000079, 0.000012, 0.000074, 0.000074, 0.000073, 0.000077, 0.000072, 0.000071, 0.000070, 0.000071, 0.000074, 0.000073, 0.000076, 0.000073, 0.000080, 0.000067, 0.000073, 0.000128, 0.000072, 0.000063, 0.000079, 0.000075, 0.000076, 0.000074, 0.000072, 0.000077, 0.000073, 0.000071, 0.000150, 0.000073, 0.000073, 0.000076, 0.000074, 0.000066, 0.000069, 0.000065, 0.000072, 0.000121, 0.000072, 0.000070, 0.000072, 0.000072, 0.000077, 0.000070

1260, 0.000081, 0.000074, 0.000073, 0.000077, 0.000077, 0.000071, 0.000072, 0.000076, 0.000079, 0.000080, 0.000076, 0.000070, 0.000076, 0.000082, 0.000076, 0.000079, 0.000073, 0.000079, 0.000079, 0.000075, 0.000083, 0.000081, 0.000079, 0.000082, 0.000077, 0.000080, 0.000077, 0.000078, 0.000082, 0.000078, 0.000073, 0.000079, 0.000078, 0.000078, 0.000076, 0.000141, 0.000071, 0.000082, 0.000075, 0.000080, 0.000084, 0.000082, 0.000080, 0.000133, 0.000082, 0.000077, 0.000094, 0.000077, 0.000076, 0.000077

1280, 0.000074, 0.000132, 0.000078, 0.000079, 0.000073, 0.000079, 0.000074, 0.000075, 0.000077, 0.000070, 0.000074, 0.000015, 0.000085, 0.000077, 0.000088, 0.000080, 0.000084, 0.000082, 0.000083, 0.000012, 0.000081, 0.000075, 0.000073, 0.000094, 0.000087, 0.000078, 0.000138, 0.000077, 0.001449, 0.000177, 0.000073, 0.000069, 0.000075, 0.000074, 0.000021, 0.000063, 0.000077, 0.000089, 0.000072, 0.000073, 0.000069, 0.000077, 0.000076, 0.000074, 0.000078, 0.000134, 0.000079, 0.000077, 0.000071, 0.000075

1300, 0.000071, 0.000069, 0.000077, 0.000074, 0.000076, 0.000169, 0.000072, 0.000074, 0.000073, 0.000074, 0.000076, 0.000074, 0.000075, 0.000070, 0.000073, 0.000073, 0.000073, 0.000076, 0.000078, 0.000076, 0.000074, 0.000078, 0.000013, 0.000080, 0.000070, 0.000069, 0.000074, 0.000071, 0.000073, 0.000075, 0.000073, 0.000073, 0.000072, 0.000068, 0.000073, 0.000072, 0.000074, 0.000069, 0.000079, 0.000072, 0.000079, 0.000069, 0.000074, 0.000074, 0.000118, 0.000074, 0.000077, 0.000073, 0.000076, 0.000076

1320, 0.000082, 0.000075, 0.000075, 0.000079, 0.000076, 0.000072, 0.000078, 0.000073, 0.000075, 0.000072, 0.000082, 0.000080, 0.000077, 0.000078, 0.000078, 0.000100, 0.000078, 0.000078, 0.000079, 0.000076, 0.000078, 0.000076, 0.000083, 0.000079, 0.000078, 0.000163, 0.000078, 0.000076, 0.000080, 0.000108, 0.000084, 0.000077, 0.000081, 0.000076, 0.000080, 0.000078, 0.000170, 0.000078, 0.000231, 0.000075, 0.000076, 0.000128, 0.000073, 0.000085, 0.000078, 0.000084, 0.000075, 0.000086, 0.000080, 0.000077

1340, 0.000077, 0.000080, 0.000074, 0.000075, 0.000070, 0.000073, 0.000177, 0.000075, 0.000074, 